1.458368182182312012e+00
3.793343901634216309e-01
1.273065209388732910e+00
9.746100306510925293e-01
5.795086622238159180e-01
1.286622166633605957e+00
6.862175464630126953e-01
1.168690204620361328e+00
-8.705905079841613770e-01
1.476151496171951294e-01
5.228164196014404297e-01
8.539797663688659668e-01
7.411673665046691895e-01
8.568326830863952637e-01
-8.705905079841613770e-01
6.111929416656494141e-01
1.263816833496093750e+00
1.024659752845764160e+00
4.678293168544769287e-01
1.156459927558898926e+00
2.732300758361816406e-01
4.825232028961181641e-01
1.602875441312789917e-01
7.669892311096191406e-01
9.159889817237854004e-01
1.376681685447692871e+00
2.444149017333984375e+00
1.444410324096679688e+00
6.972420215606689453e-01
-8.705905079841613770e-01
4.849394783377647400e-02
1.065077662467956543e+00
-8.705905079841613770e-01
3.464528024196624756e-01
3.618929386138916016e-01
1.327561616897583008e+00
1.715306401252746582e+00
-8.705905079841613770e-01
5.277327299118041992e-01
-8.705905079841613770e-01
1.208811998367309570e-01
-8.705905079841613770e-01
2.240560054779052734e+00
8.395901322364807129e-01
6.555075049400329590e-01
-8.705905079841613770e-01
1.877236723899841309e+00
6.472186446189880371e-01
2.750012576580047607e-01
1.074039697647094727e+00
-8.705905079841613770e-01
4.078792631626129150e-01
1.266860961914062500e+00
-8.705905079841613770e-01
2.249150514602661133e+00
1.306308507919311523e-01
7.004416584968566895e-01
-8.705905079841613770e-01
-8.705905079841613770e-01
1.209822893142700195e+00
2.825049161911010742e-01
1.614067912101745605e+00
-8.705905079841613770e-01
-8.705905079841613770e-01
1.941462635993957520e+00
5.290138125419616699e-01
2.707604169845581055e-01
1.927198052406311035e+00
4.899615049362182617e-01
7.232632040977478027e-01
4.918568432331085205e-01
4.036932289600372314e-01
6.263485550880432129e-01
9.356548190116882324e-01
5.297468900680541992e-01
6.673989892005920410e-01
1.145263195037841797e+00
1.307799577713012695e+00
7.497836351394653320e-01
1.082706570625305176e+00
-1.808589883148670197e-02
-8.705905079841613770e-01
1.047828555107116699e+00
8.430646061897277832e-01
6.241165995597839355e-01
8.407464623451232910e-01
2.652741372585296631e-01
1.060441374778747559e+00
-8.705905079841613770e-01
1.608756184577941895e+00
2.274930953979492188e+00
1.526648551225662231e-02
1.172512888908386230e+00
1.304003953933715820e+00
5.773314833641052246e-01
2.028838634490966797e+00
-8.705905079841613770e-01
-8.705905079841613770e-01
2.752378284931182861e-01
8.556507825851440430e-01
9.535961151123046875e-01
1.852476954460144043e+00
1.274361371994018555e+00
-8.705905079841613770e-01
4.229245781898498535e-01
5.260898470878601074e-01
5.909081101417541504e-01
1.380281925201416016e+00
1.535371989011764526e-01
1.155593156814575195e+00
6.101533174514770508e-01
1.597792387008666992e+00
-3.184629976749420166e-02
1.293566942214965820e+00
9.876149296760559082e-01
7.920684814453125000e-01
3.177391365170478821e-02
-8.705905079841613770e-01
1.648822426795959473e+00
1.155376553535461426e+00
7.262155413627624512e-01
-8.705905079841613770e-01
1.723263621330261230e+00
1.635100722312927246e+00
7.110947370529174805e-01
-8.705905079841613770e-01
-8.705905079841613770e-01
4.372583031654357910e-01
-8.705905079841613770e-01
-8.705905079841613770e-01
1.184236645698547363e+00
6.737666130065917969e-01
1.728605508804321289e+00
1.157038211822509766e+00
1.916712671518325806e-01
6.378744244575500488e-01
7.148443460464477539e-01
1.252479553222656250e-01
1.873862981796264648e+00
1.640340209007263184e+00
-8.705905079841613770e-01
6.451348066329956055e-01
5.380538105964660645e-01
1.926945209503173828e+00
-8.705905079841613770e-01
1.168131604790687561e-01
-8.705905079841613770e-01
1.399140000343322754e+00
1.363126516342163086e+00
2.158896207809448242e+00
1.430794596672058105e+00
5.619086623191833496e-01
4.246201217174530029e-01
7.991378307342529297e-01
2.307239294052124023e+00
-8.705905079841613770e-01
4.778668582439422607e-01
1.186256885528564453e+00
-8.705905079841613770e-01
9.943179488182067871e-01
5.852833390235900879e-01
1.131220385432243347e-01
1.724275797605514526e-01
7.915275692939758301e-01
2.089454889297485352e+00
5.382397174835205078e-01
4.879045113921165466e-02
-8.705905079841613770e-01
8.534399867057800293e-01
1.612325757741928101e-01
1.534076213836669922e+00
7.608333826065063477e-01
2.159987837076187134e-01
-2.461950853466987610e-02
5.899000167846679688e-01
3.384236097335815430e-01
-8.705905079841613770e-01
-8.705905079841613770e-01
-8.705905079841613770e-01
-8.705905079841613770e-01
6.475480794906616211e-01
-8.705905079841613770e-01
5.657783150672912598e-01
7.869461178779602051e-01
2.135894060134887695e+00
9.115751981735229492e-01
-8.705905079841613770e-01
8.617275953292846680e-01
-8.705905079841613770e-01
2.285479068756103516e+00
1.557798862457275391e+00
9.813176393508911133e-01
-8.705905079841613770e-01
1.582714438438415527e+00
2.565970897674560547e+00
5.728685259819030762e-01
-8.705905079841613770e-01
9.552788138389587402e-01
1.802470207214355469e+00
5.621015429496765137e-01
-8.705905079841613770e-01
9.755894541740417480e-01
6.321223974227905273e-01
6.130685806274414062e-01
-8.705905079841613770e-01
8.469929099082946777e-01
8.910197019577026367e-01
5.477906465530395508e-01
8.499652743339538574e-01
8.340470492839813232e-02
3.680209517478942871e-01
7.017495632171630859e-01
1.151488661766052246e+00
1.325794339179992676e+00
7.139958739280700684e-01
-8.705905079841613770e-01
-8.705905079841613770e-01
4.772767126560211182e-01
2.121404409408569336e+00
1.758250951766967773e+00
1.328889250755310059e+00
4.155817031860351562e-01
1.581093549728393555e+00
9.047660231590270996e-01
8.571283221244812012e-01
1.651264578104019165e-01
-8.705905079841613770e-01
1.838903307914733887e+00
-8.705905079841613770e-01
-8.705905079841613770e-01
5.223632454872131348e-01
7.925196290016174316e-01
4.906499981880187988e-01
-8.705905079841613770e-01
5.302054882049560547e-01
6.379466056823730469e-01
9.309080243110656738e-01
1.038967013359069824e+00
4.007213115692138672e-01
-8.705905079841613770e-01
-8.705905079841613770e-01
3.602330386638641357e-01
3.543933928012847900e-01
2.232542276382446289e+00
-8.705905079841613770e-01
1.215994119644165039e+00
1.665827989578247070e+00
7.613514661788940430e-01
9.774941802024841309e-01
7.198345661163330078e-01
7.254764437675476074e-01
1.130217432975769043e+00
1.728148311376571655e-01
1.598689317703247070e+00
1.546708345413208008e+00
1.025396704673767090e+00
1.100460290908813477e+00
2.017363786697387695e+00
6.276271343231201172e-01
1.980822443962097168e+00
1.139778122305870056e-01
7.880213856697082520e-01
6.109848618507385254e-01
8.978613018989562988e-01
5.365691184997558594e-01
7.170307040214538574e-01
1.144408106803894043e+00
6.014844179153442383e-01
4.107370078563690186e-01
-8.705905079841613770e-01
-8.705905079841613770e-01
-8.705905079841613770e-01
1.345794796943664551e+00
9.600099325180053711e-01
3.069188296794891357e-01
-1.247827485203742981e-01
-8.705905079841613770e-01
5.771340131759643555e-01
8.515292406082153320e-01
5.168593525886535645e-01
3.885484635829925537e-01
7.286854982376098633e-01
-8.705905079841613770e-01
1.680205225944519043e+00
5.884175002574920654e-02
9.199460148811340332e-01
4.925474524497985840e-01
8.013269305229187012e-01
2.037955522537231445e+00
-8.705905079841613770e-01
-8.705905079841613770e-01
1.673571944236755371e+00
-8.705905079841613770e-01
-1.227131336927413940e-01
1.160807132720947266e+00
-8.705905079841613770e-01
4.891019761562347412e-01
7.171524167060852051e-01
2.204962730407714844e+00
1.131898880004882812e+00
1.115237116813659668e+00
-8.705905079841613770e-01
9.578096866607666016e-01
5.655843019485473633e-01
6.309421062469482422e-01
2.170429468154907227e+00
7.725844383239746094e-01
-8.705905079841613770e-01
-8.705905079841613770e-01
8.384356498718261719e-01
1.581797838211059570e+00
-8.705905079841613770e-01
3.857975900173187256e-01
-8.705905079841613770e-01
4.060815274715423584e-01
7.720580697059631348e-01
-6.069503258913755417e-03
-8.705905079841613770e-01
8.016011714935302734e-01
8.590534925460815430e-01
7.396653294563293457e-02
-8.705905079841613770e-01
1.135483860969543457e+00
1.950029581785202026e-01
3.143731355667114258e-01
-8.705905079841613770e-01
1.684752702713012695e-01
8.583124876022338867e-01
1.379211425781250000e+00
-8.705905079841613770e-01
8.925691843032836914e-01
-8.705905079841613770e-01
8.455355167388916016e-01
1.138921976089477539e-01
1.725109338760375977e+00
1.176538109779357910e+00
2.740558683872222900e-01
1.016234636306762695e+00
5.905045866966247559e-01
8.221789002418518066e-01
8.669548034667968750e-01
-8.705905079841613770e-01
1.642594337463378906e+00
7.668151259422302246e-01
4.108878374099731445e-01
1.699189782142639160e+00
7.640621066093444824e-02
1.532571911811828613e+00
8.411805033683776855e-01
1.340661644935607910e+00
4.450359344482421875e-01
8.913293480873107910e-01
1.070911049842834473e+00
-8.705905079841613770e-01
-8.705905079841613770e-01
-6.904562562704086304e-02
1.269585132598876953e+00
1.534440964460372925e-01
1.534410595893859863e+00
1.332115083932876587e-01
1.708288788795471191e+00
2.300199508666992188e+00
6.599702239036560059e-01
1.168250441551208496e+00
8.033853173255920410e-01
1.988671571016311646e-01
1.247708439826965332e+00
5.803021192550659180e-01
-8.705905079841613770e-01
-1.179517060518264771e-01
1.770514369010925293e+00
1.745982050895690918e+00
2.072052717208862305e+00
2.316084131598472595e-02
1.122762203216552734e+00
-8.705905079841613770e-01
9.453486204147338867e-01
1.433184862136840820e+00
1.294758081436157227e+00
1.741884350776672363e+00
2.110594958066940308e-01
2.876875102519989014e-01
2.256940364837646484e+00
-8.705905079841613770e-01
-8.705905079841613770e-01
4.253926575183868408e-01
4.197008311748504639e-01
2.108503133058547974e-01
5.367544889450073242e-01
5.740796327590942383e-01
-8.705905079841613770e-01
-8.705905079841613770e-01
1.190537452697753906e+00
7.773396372795104980e-01
4.772767126560211182e-01
1.682164907455444336e+00
1.364971280097961426e+00
1.060441374778747559e+00
-8.705905079841613770e-01
8.834732174873352051e-01
6.517372727394104004e-01
5.270020365715026855e-01
4.010179638862609863e-01
-8.705905079841613770e-01
8.807723224163055420e-02
-2.982098422944545746e-02
-8.705905079841613770e-01
1.411900401115417480e+00
1.828788757324218750e+00
3.866649866104125977e-01
6.139037013053894043e-01
4.284920990467071533e-01
3.806211650371551514e-01
-8.705905079841613770e-01
1.116268634796142578e+00
1.286520838737487793e+00
1.346336841583251953e+00
5.172187685966491699e-01
1.475767731666564941e+00
8.638141155242919922e-01
-8.705905079841613770e-01
1.955588698387145996e+00
9.144437909126281738e-01
-8.705905079841613770e-01
6.552852392196655273e-01
4.576286971569061279e-01
3.039401490241289139e-04
5.244508981704711914e-01
1.206194043159484863e+00
-8.705905079841613770e-01
9.340146183967590332e-01
-1.187333539128303528e-01
3.528234064579010010e-01
-8.705905079841613770e-01
5.397283434867858887e-01
-1.573604345321655273e-02
9.596709012985229492e-01
2.144472837448120117e+00
5.884915590286254883e-01
7.260922789573669434e-01
-8.705905079841613770e-01
1.368301153182983398e+00
2.299149930477142334e-01
-8.705905079841613770e-01
1.825744390487670898e+00
6.543964147567749023e-01
5.393756181001663208e-02
1.386088013648986816e+00
1.746142148971557617e+00
1.525750637054443359e+00
-8.705905079841613770e-01
8.516761064529418945e-01
1.739785969257354736e-01
1.674203127622604370e-01
1.622497916221618652e+00
7.259691357612609863e-01
1.604027748107910156e+00
1.582855701446533203e+00
1.058517456054687500e+00
3.405533730983734131e-01
-8.705905079841613770e-01
8.788394331932067871e-01
4.782043099403381348e-01
1.069741010665893555e+00
-1.394873298704624176e-02
5.594057440757751465e-01
6.843585968017578125e-01
-8.705905079841613770e-01
7.569655776023864746e-02
-8.705905079841613770e-01
1.333739519119262695e+00
1.290172219276428223e+00
-8.705905079841613770e-01
3.108227550983428955e-01
-8.705905079841613770e-01
8.013269305229187012e-01
-8.705905079841613770e-01
5.015969872474670410e-01
2.187452077865600586e+00
7.002041339874267578e-01
1.604508876800537109e+00
-8.705905079841613770e-01
-8.705905079841613770e-01
3.817675113677978516e-01
8.925691843032836914e-01
1.278061270713806152e+00
7.439433932304382324e-01
1.591558903455734253e-01
1.245856761932373047e+00
1.358898878097534180e+00
6.899507045745849609e-01
6.526225209236145020e-01
-8.705905079841613770e-01
5.487346649169921875e-01
3.039153814315795898e-01
1.215295791625976562e+00
6.444782018661499023e-01
1.200764656066894531e+00
2.049974679946899414e+00
1.502895504236221313e-01
5.789140462875366211e-01
-8.705905079841613770e-01
7.125437855720520020e-01
1.200307488441467285e+00
2.309301376342773438e+00
2.040673017501831055e+00
1.638465523719787598e+00
2.195894956588745117e+00
-8.705905079841613770e-01
5.866848230361938477e-01
9.019336700439453125e-01
1.378367543220520020e+00
1.984459877014160156e+00
2.968481481075286865e-01
1.655080765485763550e-01
1.077377080917358398e+00
1.666728019714355469e+00
2.235840082168579102e+00
1.542815804481506348e+00
-8.705905079841613770e-01
8.306900858879089355e-01
6.429483890533447266e-01
-8.705905079841613770e-01
1.229964375495910645e+00
-8.705905079841613770e-01
-8.705905079841613770e-01
5.258163213729858398e-01
3.875335156917572021e-01
-8.705905079841613770e-01
-8.705905079841613770e-01
-8.705905079841613770e-01
1.124776124954223633e+00
-8.705905079841613770e-01
5.642275810241699219e-01
8.151615262031555176e-01
-8.705905079841613770e-01
1.651160478591918945e+00
1.119578003883361816e+00
1.469826459884643555e+00
7.791974544525146484e-01
-8.705905079841613770e-01
-8.705905079841613770e-01
1.177093744277954102e+00
1.178650975227355957e+00
2.590876579284667969e+00
-8.705905079841613770e-01
5.320433378219604492e-01
1.964407324790954590e+00
-9.515423327684402466e-02
9.442407488822937012e-01
1.107849240303039551e+00
6.881983280181884766e-01
5.763443708419799805e-01
1.576512455940246582e-01
6.701206564903259277e-01
-8.705905079841613770e-01
1.901045680046081543e+00
7.206901311874389648e-01
8.904007673263549805e-01
7.564441561698913574e-01
1.470138192176818848e+00
1.647422075271606445e+00
4.413725435733795166e-01
6.772025227546691895e-01
2.341343641281127930e+00
1.387602567672729492e+00
2.688135951757431030e-02
7.096487879753112793e-01
8.972369432449340820e-01
1.401446461677551270e+00
2.584898233413696289e+00
4.033952951431274414e-01
1.248030781745910645e+00
6.191483736038208008e-01
1.813887238502502441e+00
7.689076662063598633e-01
1.732023805379867554e-01
1.217859029769897461e+00
7.101304531097412109e-01
5.525253415107727051e-01
-8.705905079841613770e-01
9.573028683662414551e-01
1.541690826416015625e+00
2.064768552780151367e+00
-1.269837766885757446e-01
1.242726445198059082e+00
1.201298475265502930e+00
1.044045448303222656e+00
4.795558452606201172e-01
-8.705905079841613770e-01
1.252233266830444336e+00
8.596469163894653320e-01
1.035785913467407227e+00
-1.663556098937988281e-01
-8.705905079841613770e-01
6.840105652809143066e-01
1.494607210159301758e+00
1.599099934101104736e-01
7.279434800148010254e-01
4.640251100063323975e-01
9.507998228073120117e-01
9.918417334556579590e-01
1.529404520988464355e+00
1.913136959075927734e+00
4.794713854789733887e-01
2.311466217041015625e+00
1.002151846885681152e+00
1.867035388946533203e+00
1.263652443885803223e+00
1.006338119506835938e+00
1.475767612457275391e+00
2.137858271598815918e-01
1.212276577949523926e+00
-8.705905079841613770e-01
1.270578145980834961e+00
5.287390947341918945e-01
-8.705905079841613770e-01
1.453152060508728027e+00
9.957364201545715332e-01
-8.705905079841613770e-01
7.813266515731811523e-01
1.190537452697753906e+00
1.312524080276489258e-01
7.703061103820800781e-01
4.416903257369995117e-01
3.520062267780303955e-01
4.569764733314514160e-01
-8.705905079841613770e-01
8.574242591857910156e-01
1.526082158088684082e+00
1.596359491348266602e+00
2.876875102519989014e-01
1.705335378646850586e+00
1.698391079902648926e+00
5.964799523353576660e-01
-8.705905079841613770e-01
1.970359444618225098e+00
3.930652439594268799e-01
1.457138061523437500e+00
-8.705905079841613770e-01
7.924744486808776855e-01
2.980813086032867432e-01
8.714647889137268066e-01
8.921556472778320312e-01
-8.705905079841613770e-01
-8.705905079841613770e-01
1.348870992660522461e+00
1.361101984977722168e+00
-7.720401883125305176e-02
1.536219596862792969e+00
9.870880842208862305e-01
1.334488034248352051e+00
7.596687674522399902e-01
1.372015833854675293e+00
9.680172801017761230e-01
1.414926201105117798e-01
6.396821737289428711e-01
4.977521300315856934e-01
7.127856016159057617e-01
7.813266515731811523e-01
-8.705905079841613770e-01
1.312828302383422852e+00
4.887585043907165527e-01
8.193638324737548828e-01
5.640341043472290039e-01
2.085556834936141968e-01
-8.705905079841613770e-01
2.129662036895751953e+00
7.164226174354553223e-01
1.873318791389465332e+00
4.721586108207702637e-01
7.077254652976989746e-01
7.996845841407775879e-01
2.017142295837402344e+00
-8.705905079841613770e-01
-8.705905079841613770e-01
1.755562424659729004e+00
1.467025756835937500e+00
1.876675963401794434e+00
1.137176156044006348e+00
6.613149046897888184e-01
9.889297932386398315e-02
-8.705905079841613770e-01
2.800957679748535156e+00
1.585328221321105957e+00
8.879302740097045898e-01
1.514932662248611450e-01
1.452642440795898438e+00
1.056023240089416504e+00
1.830919384956359863e-01
1.132109284400939941e+00
1.975163817405700684e+00
1.540387272834777832e+00
1.313089132308959961e+00
7.177427411079406738e-02
1.369692325592041016e+00
5.548106431961059570e-01
1.371643543243408203e+00
3.810507953166961670e-01
8.565369248390197754e-01
1.076001167297363281e+00
1.120614886283874512e+00
7.559295892715454102e-01
7.487643957138061523e-01
-8.705905079841613770e-01
-8.705905079841613770e-01
1.165835022926330566e+00
2.168442010879516602e-01
-8.705905079841613770e-01
3.234481066465377808e-02
1.670596003532409668e+00
1.392542243003845215e+00
9.883177876472473145e-01
7.864090204238891602e-01
1.395787119865417480e+00
-8.705905079841613770e-01
1.155882000923156738e+00
-8.705905079841613770e-01
1.023555755615234375e+00
-1.259806156158447266e-01
-8.705905079841613770e-01
-8.705905079841613770e-01
1.379493117332458496e+00
7.286854982376098633e-01
-8.705905079841613770e-01
6.790420413017272949e-01
-8.705905079841613770e-01
1.506528496742248535e+00
2.120015174150466919e-01
-8.705905079841613770e-01
-8.705905079841613770e-01
3.827833570539951324e-03
1.871060609817504883e+00
2.866666316986083984e+00
6.306205987930297852e-01
1.699722647666931152e+00
-8.705905079841613770e-01
1.127910971641540527e+00
-8.705905079841613770e-01
1.318586468696594238e+00
8.459724187850952148e-01
6.087004542350769043e-01
1.000721693038940430e+00
-8.705905079841613770e-01
3.713915348052978516e-01
1.432287812232971191e+00
9.761085510253906250e-01
8.176799416542053223e-01
-8.705905079841613770e-01
1.695799827575683594e+00
3.746403753757476807e-01
1.779816269874572754e+00
8.213333487510681152e-01
1.679618120193481445e+00
5.685011148452758789e-01
3.492903113365173340e-01
5.886924862861633301e-01
9.450159668922424316e-01
8.402644991874694824e-01
-8.705905079841613770e-01
8.301196694374084473e-01
4.622141420841217041e-01
7.603155374526977539e-01
8.708617687225341797e-01
6.440407037734985352e-01
6.394649744033813477e-01
-8.705905079841613770e-01
-8.705905079841613770e-01
-8.705905079841613770e-01
2.423251420259475708e-01
7.543880343437194824e-01
-8.705905079841613770e-01
1.189935445785522461e+00
1.184236645698547363e+00
2.125183582305908203e+00
-8.705905079841613770e-01
1.790087461471557617e+00
8.465554714202880859e-01
-8.705905079841613770e-01
1.743671447038650513e-01
9.788822531700134277e-01
2.287226915359497070e-01
1.403276681900024414e+00
1.025028109550476074e+00
1.499716639518737793e+00
9.484813362360000610e-02
-8.705905079841613770e-01
1.324383378028869629e+00
6.207299232482910156e-01
1.614615201950073242e+00
7.485098242759704590e-01
1.661902546882629395e+00
-8.705905079841613770e-01
3.334562480449676514e-02
2.293727099895477295e-01
6.726697087287902832e-02
-8.705905079841613770e-01
9.807950258255004883e-01
1.437683820724487305e+00
-8.705905079841613770e-01
-8.705905079841613770e-01
-8.705905079841613770e-01
5.686960220336914062e-01
7.017495632171630859e-01
1.961185634136199951e-01
2.045930147171020508e+00
2.169914007186889648e+00
5.211862325668334961e-01
5.540479421615600586e-01
1.284600138664245605e+00
1.038779377937316895e+00
1.326500892639160156e+00
3.464528024196624756e-01
4.909945726394653320e-01
-8.705905079841613770e-01
-8.705905079841613770e-01
9.985811710357666016e-01
1.413362145423889160e+00
9.742072224617004395e-01
1.295670419931411743e-01
1.095481872558593750e+00
6.644629240036010742e-01
1.606437206268310547e+00
1.086544632911682129e+00
3.420223593711853027e-01
1.454070448875427246e+00
3.399028629064559937e-02
1.087075233459472656e+00
1.639339923858642578e+00
6.203078031539916992e-01
9.778409600257873535e-01
4.807411730289459229e-01
4.843955338001251221e-01
5.441217422485351562e-01
1.138872146606445312e+00
1.641842365264892578e+00
5.306643843650817871e-01
2.104843139648437500e+00
5.404739379882812500e-01
4.145183861255645752e-01
2.295895218849182129e-01
-4.939306899905204773e-02
7.834622263908386230e-01
1.378648757934570312e+00
2.117376804351806641e+00
1.241925716400146484e+00
5.472247600555419922e-01
9.904301762580871582e-01
1.884441375732421875e+00
3.659242987632751465e-01
-8.705905079841613770e-01
6.925292015075683594e-01
-8.705905079841613770e-01
2.347290515899658203e+00
1.282414793968200684e+00
2.122925996780395508e+00
1.141422510147094727e+00
1.777861952781677246e+00
9.549419283866882324e-01
1.552151322364807129e+00
1.727850437164306641e+00
9.684169888496398926e-01
4.711568057537078857e-01
1.341941207647323608e-01
4.575470983982086182e-01
6.338426470756530762e-01
1.739172101020812988e+00
6.442594528198242188e-01
9.517494440078735352e-01
1.223009109497070312e+00
1.268098235130310059e+00
1.109689950942993164e+00
5.997439026832580566e-01
-8.705905079841613770e-01
1.069546103477478027e+00
-8.705905079841613770e-01
5.571997761726379395e-01
5.892960429191589355e-01
9.736894369125366211e-01
5.925240516662597656e-01
1.232216596603393555e+00
8.418079018592834473e-01
1.294758081436157227e+00
4.632837176322937012e-01
1.101946115493774414e+00
9.959729909896850586e-01
-8.705905079841613770e-01
-8.705905079841613770e-01
9.780722260475158691e-01
1.284600138664245605e+00
7.474926114082336426e-01
5.163205265998840332e-01
1.211118340492248535e+00
9.439087510108947754e-01
2.335608959197998047e+00
4.048860967159271240e-01
5.260898470878601074e-01
1.351776242256164551e+00
1.491810679435729980e-01
-8.705905079841613770e-01
1.300653815269470215e+00
1.092055439949035645e-01
5.041735172271728516e-01
6.179910302162170410e-01
1.910481333732604980e+00
1.729223966598510742e+00
7.798734307289123535e-02
2.315452843904495239e-01
-8.705905079841613770e-01
3.852923214435577393e-01
7.917678356170654297e-02
8.532928824424743652e-01
3.917502462863922119e-01
-8.705905079841613770e-01
1.475140333175659180e+00
2.386634111404418945e+00
5.347178578376770020e-01
2.102630376815795898e+00
-8.705905079841613770e-01
2.457822561264038086e-01
-8.705905079841613770e-01
7.477467656135559082e-01
1.064883828163146973e+00
2.881722152233123779e-01
9.336869716644287109e-01
9.361475110054016113e-01
-8.705905079841613770e-01
-8.705905079841613770e-01
1.045430541038513184e+00
1.839828789234161377e-01
5.406605601310729980e-01
1.480485796928405762e+00
4.650153815746307373e-01
2.178970336914062500e+00
9.788822531700134277e-01
8.535872697830200195e-01
-8.705905079841613770e-01
1.097294688224792480e+00
-8.705905079841613770e-01
-8.705905079841613770e-01
1.234593629837036133e+00
1.821801066398620605e+00
-8.705905079841613770e-01
1.104383468627929688e+00
6.595226526260375977e-01
4.282592535018920898e-01
5.952602624893188477e-01
4.986238181591033936e-01
3.271131515502929688e-01
1.495751976966857910e+00
-8.705905079841613770e-01
-8.705905079841613770e-01
1.242245912551879883e+00
-8.705905079841613770e-01
1.651264578104019165e-01
3.127218782901763916e-01
-8.705905079841613770e-01
1.017328381538391113e+00
1.496714711189270020e+00
2.339103221893310547e+00
2.673685848712921143e-01
1.151129603385925293e+00
9.247324466705322266e-01
6.753678321838378906e-01
-8.705905079841613770e-01
6.152634024620056152e-01
9.184461832046508789e-01
1.840136408805847168e+00
-8.705905079841613770e-01
1.391209721565246582e+00
1.145049095153808594e+00
8.801096677780151367e-01
1.661595582962036133e+00
-8.705905079841613770e-01
9.559528827667236328e-01
1.197797298431396484e+00
1.605954647064208984e+00
8.335493206977844238e-01
-8.705905079841613770e-01
-8.705905079841613770e-01
1.220430135726928711e+00
4.670003056526184082e-01
8.095960021018981934e-01
1.255112141370773315e-01
3.935041725635528564e-01
7.811489701271057129e-01
3.468571901321411133e-01
5.607521533966064453e-01
9.394498914480209351e-02
-8.705905079841613770e-01
7.054486274719238281e-01
-8.705905079841613770e-01
1.253368377685546875e+00
3.055401742458343506e-01
1.185133814811706543e+00
7.975003123283386230e-01
1.126237511634826660e+00
-8.705905079841613770e-01
1.379211425781250000e+00
1.076787233352661133e+00
1.019154906272888184e+00
8.907101154327392578e-01
1.134920358657836914e+00
1.304520606994628906e+00
8.904007673263549805e-01
2.108221769332885742e+00
1.647876143455505371e+00
2.630406856536865234e+00
-6.337748467922210693e-02
-8.705905079841613770e-01
3.649486005306243896e-01
1.114756226539611816e+00
-8.705905079841613770e-01
6.216806173324584961e-01
3.290694057941436768e-01
4.490434527397155762e-01
-8.705905079841613770e-01
9.091929197311401367e-01
8.647100329399108887e-01
-8.861488313414156437e-04
-8.705905079841613770e-01
9.492384195327758789e-01
1.261192560195922852e+00
-8.705905079841613770e-01
2.580726623535156250e+00
4.443972408771514893e-01
1.314133644104003906e+00
8.062770366668701172e-01
-8.705905079841613770e-01
5.239056944847106934e-01
-8.705905079841613770e-01
-8.705905079841613770e-01
1.536309242248535156e+00
1.067405939102172852e+00
5.184162035584449768e-02
-8.705905079841613770e-01
1.188506960868835449e+00
1.359449148178100586e+00
-8.705905079841613770e-01
-8.705905079841613770e-01
7.570879459381103516e-01
3.315571844577789307e-01
2.177671670913696289e+00
2.038892984390258789e+00
-1.414064876735210419e-02
1.234117746353149414e+00
3.581650555133819580e-01
3.191000819206237793e-01
1.266613721847534180e+00
6.455730199813842773e-01
2.077624082565307617e+00
1.219727993011474609e+00
1.618823051452636719e+00
1.113795280456542969e+00
1.124984622001647949e+00
5.513858199119567871e-01
1.011331200599670410e+00
-8.705905079841613770e-01
1.194764733314514160e+00
1.317798972129821777e+00
8.002315163612365723e-01
2.161951502785086632e-03
1.032431602478027344e+00
-4.032667353749275208e-02
6.962970495223999023e-01
7.739021778106689453e-01
2.978344559669494629e-01
7.917980551719665527e-01
9.834110140800476074e-01
8.810254335403442383e-01
-8.705905079841613770e-01
1.434032022953033447e-01
1.875315904617309570e+00
-8.705905079841613770e-01
1.394544959068298340e+00
1.066240787506103516e+00
2.024255275726318359e+00
-8.705905079841613770e-01
-8.705905079841613770e-01
1.295098781585693359e+00
1.348101139068603516e+00
1.554372072219848633e+00
2.404899358749389648e+00
2.412893772125244141e+00
1.101946115493774414e+00
-8.705905079841613770e-01
-8.705905079841613770e-01
5.123840570449829102e-01
5.996416211128234863e-01
-4.686585068702697754e-02
9.726550579071044922e-01
-8.705905079841613770e-01
4.632837176322937012e-01
1.105808734893798828e+00
1.573728561401367188e+00
2.986990213394165039e-01
5.814939737319946289e-01
6.575121283531188965e-01
8.883928656578063965e-01
1.908535599708557129e+00
6.468891501426696777e-01
1.464079022407531738e+00
7.961385250091552734e-01
4.364703595638275146e-01
1.273729681968688965e+00
7.426801919937133789e-01
1.132109284400939941e+00
3.581650555133819580e-01
1.657458424568176270e+00
1.258249998092651367e+00
1.355373263359069824e-01
2.453654527664184570e+00
3.122148215770721436e-01
7.203232645988464355e-01
3.596808314323425293e-01
2.556086778640747070e-01
1.886898159980773926e+00
1.656236171722412109e+00
1.417651474475860596e-01
2.186456471681594849e-01
1.308145403861999512e+00
-8.705905079841613770e-01
8.565369248390197754e-01
1.329864263534545898e+00
-8.705905079841613770e-01
1.631871938705444336e+00
-8.705905079841613770e-01
6.685316562652587891e-01
-8.705905079841613770e-01
1.071106195449829102e+00
9.479024410247802734e-01
9.107803106307983398e-01
7.838351279497146606e-02
1.169570922851562500e+00
5.978039503097534180e-01
5.969889163970947266e-01
1.397988915443420410e+00
7.306677103042602539e-01
-8.705905079841613770e-01
7.907170653343200684e-01
5.626807212829589844e-01
2.886008471250534058e-02
-8.705905079841613770e-01
1.432885885238647461e+00
-8.705905079841613770e-01
2.429162979125976562e+00
-8.705905079841613770e-01
3.930652439594268799e-01
1.483961701393127441e+00
-8.705905079841613770e-01
-1.642167866230010986e-01
7.429327368736267090e-01
7.038948535919189453e-01
1.995777368545532227e+00
-8.705905079841613770e-01
1.656236171722412109e+00
-8.705905079841613770e-01
1.227246284484863281e+00
2.166057109832763672e+00
3.198705315589904785e-01
1.257108569145202637e+00
1.266728155314922333e-02
-8.705905079841613770e-01
1.210655450820922852e+00
1.076787233352661133e+00
1.178428292274475098e+00
4.814193546772003174e-01
5.502483248710632324e-01
1.291698098182678223e+00
-8.705905079841613770e-01
2.346023023128509521e-01
1.112972736358642578e+00
1.751438498497009277e+00
1.391399860382080078e+00
1.118412762880325317e-01
3.104437887668609619e-01
9.559528827667236328e-01
-8.705905079841613770e-01
8.011899590492248535e-01
1.384576439857482910e+00
6.316928863525390625e-01
8.032479286193847656e-01
-8.705905079841613770e-01
-8.705905079841613770e-01
2.330715358257293701e-01
7.564441561698913574e-01
1.210192680358886719e+00
8.817895054817199707e-01
1.693348169326782227e+00
4.133058190345764160e-01
1.578163862228393555e+00
1.128469467163085938e+00
2.118670940399169922e+00
3.355083465576171875e-01
2.205296039581298828e+00
-8.705905079841613770e-01
3.022954463958740234e-01
3.774805963039398193e-01
-8.705905079841613770e-01
-8.705905079841613770e-01
-8.705905079841613770e-01
-8.705905079841613770e-01
7.732429504394531250e-01
5.037042498588562012e-01
1.211581468582153320e+00
2.100146561861038208e-01
1.320163488388061523e+00
8.312609791755676270e-01
-8.705905079841613770e-01
1.978050112724304199e+00
-8.705905079841613770e-01
-8.705905079841613770e-01
6.041554212570190430e-01
6.815794706344604492e-01
8.589052557945251465e-01
1.646363854408264160e+00
-8.705905079841613770e-01
1.032059788703918457e+00
1.934858262538909912e-01
7.041337490081787109e-01
1.177538275718688965e+00
1.173766374588012695e+00
7.490189671516418457e-01
9.452377557754516602e-01
2.026680231094360352e+00
-8.705905079841613770e-01
6.949600577354431152e-01
8.450989127159118652e-01
2.652898989617824554e-02
3.412207365036010742e-01
3.804780244827270508e-01
1.660808920860290527e-01
1.415559291839599609e+00
1.769976615905761719e-01
9.287083148956298828e-01
9.083476066589355469e-01
-8.705905079841613770e-01
-8.705905079841613770e-01
-8.705905079841613770e-01
7.781352996826171875e-01
1.577403664588928223e+00
2.408822029829025269e-01
2.896287739276885986e-01
1.104180097579956055e+00
1.583796977996826172e+00
6.974785923957824707e-01
6.806557178497314453e-01
4.504927396774291992e-01
1.818175315856933594e+00
-8.705905079841613770e-01
6.464501023292541504e-01
4.443972408771514893e-01
-8.705905079841613770e-01
5.348103642463684082e-01
7.781352996826171875e-01
-8.705905079841613770e-01
-9.012698382139205933e-02
9.606881141662597656e-01
-8.705905079841613770e-01
-8.705905079841613770e-01
7.868118286132812500e-01
1.238889575004577637e+00
1.485228896141052246e+00
1.316881299018859863e+00
5.249968171119689941e-01
7.686458230018615723e-01
1.831449627876281738e+00
1.265872478485107422e+00
2.250542640686035156e+00
1.065465211868286133e+00
7.580761909484863281e-01
1.889328360557556152e+00
5.982914939522743225e-02
1.244009375572204590e+00
3.484781086444854736e-01
7.321580648422241211e-01
1.163823902606964111e-01
1.646112203598022461e+00
-8.705905079841613770e-01
5.087378025054931641e-01
1.184685111045837402e+00
6.475480794906616211e-01
2.491176500916481018e-02
5.568169951438903809e-01
7.958663702011108398e-01
1.675518155097961426e+00
4.192416369915008545e-01
-8.705905079841613770e-01
-8.705905079841613770e-01
9.120525121688842773e-01
1.073647856712341309e+00
1.076688885688781738e+00
2.597293555736541748e-01
-8.705905079841613770e-01
-8.705905079841613770e-01
5.553832650184631348e-01
9.155623316764831543e-01
5.613301992416381836e-01
1.125238910317420959e-01
1.414468169212341309e+00
-8.705905079841613770e-01
7.021067142486572266e-01
7.306677103042602539e-01
1.601024746894836426e+00
5.483568310737609863e-01
1.158196091651916504e+00
6.024077534675598145e-01
8.029732704162597656e-01
3.842110335826873779e-01
1.807975172996520996e+00
-8.705905079841613770e-01
6.988993883132934570e-01
-8.705905079841613770e-01
2.852707803249359131e-01
-3.647217154502868652e-02
9.534148126840591431e-02
7.500385642051696777e-01
-8.705905079841613770e-01
3.767691552639007568e-01
-8.705905079841613770e-01
1.989693343639373779e-01
7.794632911682128906e-01
1.014415025711059570e+00
1.533073067665100098e+00
5.361056923866271973e-01
2.140866994857788086e+00
-8.705905079841613770e-01
1.886250853538513184e+00
2.351502180099487305e-01
1.847335577011108398e+00
-9.702223539352416992e-02
2.047955513000488281e+00
1.365247219800949097e-01
-3.251914307475090027e-02
2.038944214582443237e-01
1.580389499664306641e+00
2.333994865417480469e+00
6.941751241683959961e-01
-8.705905079841613770e-01
-8.705905079841613770e-01
8.055875897407531738e-01
3.775517940521240234e-01
9.118934273719787598e-01
-8.705905079841613770e-01
1.109894633293151855e+00
1.384859442710876465e+00
1.979707837104797363e+00
-3.221343457698822021e-02
1.358898878097534180e+00
4.971427023410797119e-01
6.568432450294494629e-01
6.446970701217651367e-01
3.602330386638641357e-01
3.352439403533935547e-01
-8.705905079841613770e-01
2.053714275360107422e+00
3.911668062210083008e-01
-8.705905079841613770e-01
2.714647948741912842e-01
9.409271478652954102e-01
1.284347653388977051e+00
6.772025227546691895e-01
5.923218727111816406e-01
1.985072255134582520e+00
-8.705905079841613770e-01
1.281274199485778809e+00
4.972296059131622314e-01
9.066600203514099121e-01
1.393400073051452637e+00
9.774941802024841309e-01
2.077859401702880859e+00
2.656226456165313721e-01
1.093873739242553711e+00
5.820908546447753906e-01
3.678809702396392822e-01
-8.705905079841613770e-01
5.051131248474121094e-01
1.632119894027709961e+00
1.773965120315551758e+00
8.308326601982116699e-01
1.025765419006347656e+00
-8.705905079841613770e-01
-8.705905079841613770e-01
6.301921010017395020e-01
8.321182727813720703e-01
5.242691040039062500e-01
1.568156599998474121e+00
-8.705905079841613770e-01
-2.920528687536716461e-02
-8.705905079841613770e-01
-8.705905079841613770e-01
9.583168029785156250e-01
-8.705905079841613770e-01
-8.705905079841613770e-01
-8.705905079841613770e-01
1.065077662467956543e+00
1.119578003883361816e+00
1.291698098182678223e+00
1.213436603546142578e+00
1.653187513351440430e+00
1.797881960868835449e+00
2.500515580177307129e-01
2.898719012737274170e-01
5.866848230361938477e-01
1.171776413917541504e+00
5.427162647247314453e-01
-1.347228288650512695e-01
1.421002268791198730e+00
1.416439652442932129e+00
6.604181528091430664e-01
2.164454460144042969e+00
8.737299442291259766e-01
8.016011714935302734e-01
7.404121756553649902e-01
7.773396372795104980e-01
1.345252990722656250e+00
1.419625997543334961e+00
6.658164262771606445e-01
1.209576368331909180e+00
5.708440542221069336e-01
7.964106202125549316e-01
7.058076262474060059e-01
1.875955700874328613e+00
8.959892392158508301e-01
2.159987837076187134e-01
-8.705905079841613770e-01
1.639089941978454590e+00
7.704810500144958496e-01
-8.705905079841613770e-01
7.652498483657836914e-01
3.014251887798309326e-01
1.060826659202575684e+00
-8.705905079841613770e-01
4.017598032951354980e-01
1.034293293952941895e+00
9.333595037460327148e-01
1.855707168579101562e-01
1.776946544647216797e+00
-8.705905079841613770e-01
4.826931357383728027e-01
1.376494526863098145e+00
2.607645690441131592e-01
1.252557635307312012e+00
-8.705905079841613770e-01
2.423251420259475708e-01
1.082739308476448059e-01
-8.705905079841613770e-01
8.696574568748474121e-01
4.270953238010406494e-01
3.709690272808074951e-01
-8.705905079841613770e-01
3.008043467998504639e-01
-8.705905079841613770e-01
-8.705905079841613770e-01
9.296036958694458008e-01
6.801942586898803711e-01
5.637438893318176270e-01
8.552080392837524414e-01
-8.705905079841613770e-01
-7.954224944114685059e-02
1.569944471120834351e-01
7.058076262474060059e-01
-8.705905079841613770e-01
4.353689551353454590e-01
7.787990570068359375e-01
5.610411167144775391e-01
1.673494338989257812e+00
1.665827989578247070e+00
1.373879194259643555e+00
6.153681278228759766e-01
5.586374998092651367e-01
9.828870892524719238e-01
6.825046539306640625e-01
1.131548285484313965e+00
1.133373141288757324e+00
9.281391501426696777e-01
1.181940287351608276e-01
1.938899904489517212e-01
-8.705905079841613770e-01
2.215198129415512085e-01
5.785180926322937012e-01
3.119614124298095703e-01
-8.705905079841613770e-01
-8.705905079841613770e-01
1.660981416702270508e+00
9.726550579071044922e-01
2.645947456359863281e+00
9.452377557754516602e-01
7.866774201393127441e-01
1.853719502687454224e-01
1.381748676300048828e+00
8.839331269264221191e-01
1.005738854408264160e+00
1.160226106643676758e+00
1.224654197692871094e+00
-8.705905079841613770e-01
3.648094832897186279e-01
9.174838066101074219e-01
-8.705905079841613770e-01
7.267088294029235840e-01
-8.705905079841613770e-01
1.190763473510742188e+00
1.384293198585510254e+00
1.093472361564636230e+00
2.540149986743927002e-01
2.257953405380249023e+00
2.864778041839599609e-01
4.413725435733795166e-01
4.418491423130035400e-01
4.984494447708129883e-01
1.054110050201416016e+00
5.882905125617980957e-01
9.189279079437255859e-01
-8.705905079841613770e-01
1.857881426811218262e+00
1.538771748542785645e+00
5.091814398765563965e-01
7.691696286201477051e-01
1.432287812232971191e+00
6.357078254222869873e-02
1.116268634796142578e+00
5.782211422920227051e-01
2.179898977279663086e+00
-8.705905079841613770e-01
8.436451554298400879e-01
3.442056104540824890e-02
1.303487777709960938e+00
-8.705905079841613770e-01
6.510739326477050781e-01
1.506072934716939926e-02
9.507440328598022461e-01
2.414366900920867920e-01
1.495944380760192871e+00
2.524574041366577148e+00
1.977745890617370605e+00
4.255471825599670410e-01
-8.705905079841613770e-01
3.517339825630187988e-01
2.155764997005462646e-01
-8.705905079841613770e-01
-8.705905079841613770e-01
5.260898470878601074e-01
8.633664846420288086e-01
1.894649744033813477e+00
1.083102822303771973e+00
-8.705905079841613770e-01
1.523102283477783203e+00
1.280641108751296997e-01
-8.705905079841613770e-01
4.587717950344085693e-01
9.171631336212158203e-01
9.459029436111450195e-01
1.874420642852783203e+00
5.848833918571472168e-01
-8.705905079841613770e-01
-8.705905079841613770e-01
-8.705905079841613770e-01
2.748448848724365234e+00
1.365525126457214355e+00
7.807938456535339355e-01
1.665056824684143066e+00
5.917154550552368164e-01
2.411038726568222046e-01
1.956233382225036621e+00
1.875681400299072266e+00
2.463116869330406189e-02
6.202022433280944824e-01
8.944328427314758301e-01
-8.705905079841613770e-01
1.382313489913940430e+00
-9.499813616275787354e-02
8.050822019577026367e-01
2.000122785568237305e+00
2.449996173381805420e-01
-8.705905079841613770e-01
1.131688475608825684e+00
-8.705905079841613770e-01
9.789908677339553833e-02
1.499198377132415771e-01
1.768023967742919922e-01
9.309080243110656738e-01
2.189857244491577148e+00
1.396695852279663086e+00
3.581650555133819580e-01
7.693007588386535645e-01
-8.705905079841613770e-01
-8.705905079841613770e-01
2.109586477279663086e+00
5.967853069305419922e-01
-8.705905079841613770e-01
1.089667916297912598e+00
-8.705905079841613770e-01
-8.705905079841613770e-01
1.696795821189880371e+00
1.435881495475769043e+00
5.947527289390563965e-01
3.511900603771209717e-01
-8.705905079841613770e-01
1.134216666221618652e+00
-8.705905079841613770e-01
-3.471325710415840149e-02
8.917164802551269531e-01
2.077232122421264648e+00
1.405497312545776367e+00
7.531059384346008301e-01
6.173424795269966125e-02
-8.705905079841613770e-01
-8.705905079841613770e-01
-8.705905079841613770e-01
2.499388307332992554e-01
2.087077379226684570e+00
2.456292629241943359e+00
1.271323442459106445e+00
5.753588676452636719e-01
4.458372667431831360e-02
1.356015563011169434e+00
1.000007510185241699e+00
-8.705905079841613770e-01
1.376120448112487793e+00
2.491886377334594727e+00
2.467902749776840210e-01
5.712354183197021484e-01
2.093408346176147461e+00
-8.705905079841613770e-01
1.054110050201416016e+00
3.907296061515808105e-01
1.595286130905151367e+00
-8.705905079841613770e-01
4.186300933361053467e-01
7.492737770080566406e-01
1.490315794944763184e+00
5.771340131759643555e-01
1.550276637077331543e+00
1.135483860969543457e+00
-2.086289227008819580e-02
-8.705905079841613770e-01
1.008439779281616211e+00
1.167269796133041382e-01
1.587098717689514160e+00
1.863079190254211426e+00
2.351632356643676758e+00
8.859290480613708496e-01
1.109280467033386230e+00
-8.705905079841613770e-01
2.058593988418579102e+00
5.704529285430908203e-01
1.712871313095092773e+00
2.229095101356506348e-01
8.986428380012512207e-01
1.159935712814331055e+00
9.381216168403625488e-01
8.827074170112609863e-01
4.186300933361053467e-01
1.655473113059997559e+00
7.530280947685241699e-02
3.430932164192199707e-01
1.140429735183715820e+00
8.028982579708099365e-02
1.432586789131164551e+00
1.106012582778930664e+00
1.786841273307800293e+00
8.529006242752075195e-01
-8.705905079841613770e-01
3.170509636402130127e-01
8.242974281311035156e-01
8.839331269264221191e-01
9.955589175224304199e-01
9.033485651016235352e-01
1.553916096687316895e+00
4.048860967159271240e-01
-8.705905079841613770e-01
1.498367547988891602e+00
4.765188694000244141e-01
1.764077782630920410e+00
8.384356498718261719e-01
7.639479637145996094e-01
1.270578145980834961e+00
-8.705905079841613770e-01
1.241765618324279785e+00
5.718228816986083984e-01
1.869257569313049316e+00
6.626622080802917480e-01
-8.705905079841613770e-01
-8.705905079841613770e-01
-8.705905079841613770e-01
-8.705905079841613770e-01
3.791914284229278564e-01
1.368115663528442383e+00
2.068025350570678711e+00
-8.705905079841613770e-01
7.409155368804931641e-01
1.719378709793090820e+00
-8.705905079841613770e-01
-8.705905079841613770e-01
-8.705905079841613770e-01
1.525916457176208496e+00
8.621742129325866699e-01
1.475767612457275391e+00
1.937025308609008789e+00
7.569590806961059570e-01
1.895153164863586426e+00
1.103976845741271973e+00
-8.705905079841613770e-01
-8.705905079841613770e-01
1.198709249496459961e+00
1.931930184364318848e+00
-8.705905079841613770e-01
2.588733673095703125e+00
1.246822357177734375e+00
5.605596899986267090e-01
1.689254403114318848e+00
-8.705905079841613770e-01
-8.705905079841613770e-01
-8.705905079841613770e-01
-8.705905079841613770e-01
1.896628588438034058e-01
1.412387490272521973e+00
1.288902521133422852e+00
6.276271343231201172e-01
7.805274128913879395e-01
1.452642440795898438e+00
4.261658787727355957e-01
1.831078290939331055e+00
-8.705905079841613770e-01
5.172187685966491699e-01
-8.705905079841613770e-01
2.136131286621093750e+00
3.563788831233978271e-01
9.442407488822937012e-01
5.527155399322509766e-01
3.339245319366455078e-01
-8.705905079841613770e-01
-8.705905079841613770e-01
6.124427318572998047e-01
1.220196008682250977e+00
1.316488146781921387e+00
1.731976985931396484e+00
2.038408041000366211e+00
6.678518652915954590e-01
1.849435687065124512e+00
1.043668150901794434e+00
1.213668704032897949e+00
-8.705905079841613770e-01
8.726720213890075684e-01
1.180211186408996582e+00
4.842251837253570557e-01
-8.705905079841613770e-01
1.003465175628662109e+00
4.117933511734008789e-01
1.124984622001647949e+00
1.232849836349487305e+00
9.841100573539733887e-01
1.253855228424072266e+00
8.336925506591796875e-01
1.166273713111877441e+00
9.336869716644287109e-01
7.595396041870117188e-01
4.274053871631622314e-01
1.063318029046058655e-01
5.594057440757751465e-01
6.396821737289428711e-01
-8.705905079841613770e-01
1.732114791870117188e+00
1.759384989738464355e+00
1.714223384857177734e+00
1.936753034591674805e+00
1.779859900474548340e+00
-8.705905079841613770e-01
1.595286130905151367e+00
8.050363659858703613e-01
7.447025179862976074e-01
1.724562048912048340e+00
1.043102741241455078e+00
-8.705905079841613770e-01
5.700622797012329102e-01
5.332409143447875977e-01
1.097994074225425720e-01
1.668221712112426758e+00
1.974329948425292969e+00
7.827941775321960449e-01
2.051330953836441040e-01
7.276141643524169922e-01
9.768010377883911133e-01
1.226066946983337402e+00
9.172700047492980957e-01
2.384255409240722656e+00
-8.705905079841613770e-01
2.335883855819702148e+00
1.281072974205017090e+00
-8.705905079841613770e-01
7.837296724319458008e-01
-8.705905079841613770e-01
2.117920517921447754e-01
-8.705905079841613770e-01
1.063915967941284180e+00
1.280905485153198242e+00
1.501543879508972168e+00
8.182408809661865234e-01
4.627628996968269348e-02
5.820908546447753906e-01
8.258549571037292480e-01
9.757623672485351562e-01
7.487643957138061523e-01
1.043856859207153320e+00
8.168395161628723145e-01
1.784828901290893555e+00
1.452846169471740723e+00
2.748829722404479980e-01
-8.705905079841613770e-01
-8.705905079841613770e-01
-8.705905079841613770e-01
3.884033560752868652e-01
2.983283102512359619e-01
-8.705905079841613770e-01
1.481590390205383301e+00
-8.705905079841613770e-01
1.247547149658203125e+00
2.214671850204467773e+00
2.028651714324951172e+00
7.563154101371765137e-01
1.181550860404968262e+00
1.359999775886535645e+00
1.917719393968582153e-01
3.095604181289672852e-01
1.037780404090881348e+00
3.288081586360931396e-01
-8.705905079841613770e-01
1.264145374298095703e+00
1.650148510932922363e+00
1.095884442329406738e+00
2.125491857528686523e+00
8.756988644599914551e-01
8.235906958580017090e-01
1.563384383916854858e-01
1.162334084510803223e+00
8.090417981147766113e-01
9.281391501426696777e-01
1.802767038345336914e+00
2.917109727859497070e+00
2.893959522247314453e+00
-8.705905079841613770e-01
6.366478800773620605e-01
3.607858121395111084e-01
8.811782598495483398e-01
1.199393630027770996e+00
2.019359588623046875e+00
7.988645434379577637e-01
5.950571894645690918e-01
1.342981338500976562e+00
9.187673926353454590e-01
6.566203236579895020e-01
6.033324003219604492e-01
6.689852476119995117e-01
1.591717481613159180e+00
1.325044393539428711e+00
1.969778418540954590e+00
2.153654545545578003e-01
1.801283955574035645e+00
1.308249235153198242e+00
-8.705905079841613770e-01
5.721493363380432129e-01
-8.705905079841613770e-01
1.350141048431396484e+00
-8.705905079841613770e-01
8.221790790557861328e-01
-8.705905079841613770e-01
8.518229126930236816e-01
2.237607479095458984e+00
2.112686038017272949e-01
-8.705905079841613770e-01
-8.705905079841613770e-01
9.975131750106811523e-01
1.115443348884582520e+00
1.469099640846252441e+00
-8.705905079841613770e-01
6.915904879570007324e-01
2.751194834709167480e-01
3.284166157245635986e-01
2.520861327648162842e-01
-8.705905079841613770e-01
4.688257277011871338e-01
1.548575878143310547e+00
1.930914282798767090e+00
3.022954463958740234e-01
-8.705905079841613770e-01
7.846662402153015137e-01
7.084462046623229980e-01
6.109848618507385254e-01
9.707623124122619629e-01
4.567320644855499268e-01
5.360130667686462402e-01
-8.705905079841613770e-01
-8.705905079841613770e-01
-8.705905079841613770e-01
6.506323218345642090e-01
1.188732504844665527e+00
4.266304671764373779e-01
1.940949440002441406e+00
1.801358103752136230e+00
-8.705905079841613770e-01
6.539525389671325684e-01
6.781216859817504883e-01
-8.705905079841613770e-01
-8.705905079841613770e-01
3.566532731056213379e-01
1.323986768722534180e+00
1.799951195716857910e+00
-1.770577952265739441e-02
5.081175565719604492e-01
-8.705905079841613770e-01
1.244009375572204590e+00
8.192234039306640625e-01
1.052010655403137207e+00
7.631680369377136230e-01
6.769728064537048340e-01
6.429483890533447266e-01
1.353005170822143555e+00
1.973345398902893066e+00
5.496802926063537598e-01
1.041596174240112305e+00
1.852594256401062012e+00
4.537259042263031006e-01
4.827170819044113159e-02
1.109280347824096680e+00
-8.705905079841613770e-01
1.149210482835769653e-01
4.013146162033081055e-01
1.890743017196655273e+00
4.597533345222473145e-01
4.539247974753379822e-02
2.383859157562255859e+00
1.002509832382202148e+00
1.769940495491027832e+00
-8.705905079841613770e-01
8.562415242195129395e-01
4.977521300315856934e-01
8.549131155014038086e-01
1.310050010681152344e+00
4.681613743305206299e-01
1.045745730400085449e+00
1.963252425193786621e+00
1.802025318145751953e+00
1.084424853324890137e+00
7.869461178779602051e-01
7.947792410850524902e-01
4.579551815986633301e-01
-8.705905079841613770e-01
-8.705905079841613770e-01
1.820893287658691406e+00
-8.705905079841613770e-01
5.976001620292663574e-01
3.536419868469238281e-01
2.096220731735229492e+00
1.328092336654663086e+00
1.242566347122192383e+00
-1.814925298094749451e-02
1.124289631843566895e+00
6.225269436836242676e-01
1.406561255455017090e+00
8.483070731163024902e-01
3.625859618186950684e-01
2.910893261432647705e-01
-8.705905079841613770e-01
-8.705905079841613770e-01
-3.846431151032447815e-02
1.560205221176147461e+00
1.669046759605407715e+00
5.279156565666198730e-01
-8.705905079841613770e-01
3.826287686824798584e-01
8.904007673263549805e-01
1.448777675628662109e+00
4.865303039550781250e-01
7.928806543350219727e-01
1.063529253005981445e+00
-8.705905079841613770e-01
9.458199143409729004e-01
9.290066957473754883e-01
3.054775297641754150e-01
5.584457516670227051e-01
3.940900564193725586e-01
1.269089341163635254e+00
1.237455129623413086e+00
6.790420413017272949e-01
5.840843319892883301e-01
9.125302433967590332e-01
6.204133033752441406e-01
8.081189990043640137e-01
6.680783629417419434e-01
8.295494914054870605e-01
2.241940975189208984e+00
8.811782598495483398e-01
2.276411950588226318e-01
6.120002269744873047e-02
6.041554212570190430e-01
1.268758773803710938e+00
7.441963553428649902e-01
1.114756226539611816e+00
8.997380733489990234e-01
8.621742129325866699e-01
2.874453663825988770e-01
-8.705905079841613770e-01
1.452234864234924316e+00
-8.705905079841613770e-01
9.562900662422180176e-01
-8.705905079841613770e-01
5.795086622238159180e-01
1.716538518667221069e-01
8.575722575187683105e-01
8.769130110740661621e-01
6.977152228355407715e-01
2.259357452392578125e+00
1.394974827766418457e+00
1.814337611198425293e+00
4.817588031291961670e-01
1.330751538276672363e+00
1.481853485107421875e+00
7.314124107360839844e-01
-8.705905079841613770e-01
-8.705905079841613770e-01
-8.705905079841613770e-01
1.216693043708801270e+00
3.032917678356170654e-01
-8.705905079841613770e-01
1.124567508697509766e+00
1.273812770843505859e+00
-8.705905079841613770e-01
9.427478313446044922e-01
7.528498172760009766e-01
7.055681943893432617e-01
8.882387280464172363e-01
4.804022908210754395e-01
2.064873933792114258e+00
-8.705905079841613770e-01
1.212508559226989746e+00
1.069546103477478027e+00
1.561511605978012085e-01
-8.705905079841613770e-01
-8.705905079841613770e-01
1.232928872108459473e+00
1.393400073051452637e+00
3.506465554237365723e-01
5.828874707221984863e-01
-8.705905079841613770e-01
1.919389605522155762e+00
3.498323857784271240e-01
8.073816299438476562e-01
7.459692955017089844e-01
1.565383076667785645e+00
-8.705905079841613770e-01
1.590886831283569336e+00
1.130427479743957520e+00
-8.705905079841613770e-01
2.173623800277709961e+00
6.097378134727478027e-01
-8.705905079841613770e-01
8.416149020195007324e-01
-8.705905079841613770e-01
1.994152426719665527e+00
1.382595896720886230e+00
1.786611974239349365e-01
-8.705905079841613770e-01
6.754822731018066406e-01
-8.705905079841613770e-01
2.782041728496551514e-01
1.196886420249938965e+00
1.122901082038879395e+00
9.930770099163055420e-02
1.776214838027954102e+00
-8.705905079841613770e-01
9.892558455467224121e-01
3.286775946617126465e-01
-8.705905079841613770e-01
-8.705905079841613770e-01
9.723106026649475098e-01
4.573025107383728027e-01
5.555741786956787109e-01
-8.705905079841613770e-01
9.340146183967590332e-01
-8.705905079841613770e-01
1.260210633277893066e+00
-8.705905079841613770e-01
1.930237293243408203e+00
3.563788831233978271e-01
4.885868728160858154e-01
1.729223966598510742e+00
2.447508335113525391e+00
2.532198727130889893e-01
1.721129298210144043e+00
-8.705905079841613770e-01
-8.705905079841613770e-01
1.088935971260070801e+00
-8.705905079841613770e-01
7.339007258415222168e-01
8.332628011703491211e-01
9.484813362360000610e-02
1.646741747856140137e+00
5.010712146759033203e-01
1.687279701232910156e+00
2.767782211303710938e-01
2.351042628288269043e-02
1.626186966896057129e+00
7.554153800010681152e-01
1.636594653129577637e+00
8.865443468093872070e-01
1.375141143798828125e-01
1.204967379570007324e+00
1.207191824913024902e+00
4.690749943256378174e-01
6.535087823867797852e-01
7.017495632171630859e-01
-8.705905079841613770e-01
6.377300620079040527e-01
-8.705905079841613770e-01
5.850833058357238770e-01
1.238411188125610352e+00
2.363161563873291016e+00
-8.705905079841613770e-01
1.384293198585510254e+00
1.006638050079345703e+00
5.369397997856140137e-01
6.667202115058898926e-01
9.754165410995483398e-01
2.012354850769042969e+00
-8.705905079841613770e-01
-8.705905079841613770e-01
5.183883905410766602e-01
8.292646408081054688e-01
1.441782593727111816e+00
8.574242591857910156e-01
8.250049948692321777e-01
1.116707623004913330e-01
4.089304506778717041e-01
5.931310653686523438e-01
1.608127474784851074e+00
1.884150862693786621e+00
5.393756181001663208e-02
1.144194364547729492e+00
1.553688049316406250e+00
-8.705905079841613770e-01
1.735844373703002930e+00
1.389689087867736816e+00
-8.705905079841613770e-01
7.727161049842834473e-01
6.362155675888061523e-01
8.426293730735778809e-01
